>> JPR_Table2

meannumberofneighbors =

    4.7083


meannumberofneighbors =

   16.3056


meannumberofneighbors =

   35.5347


meannumberofneighbors =

   143


meannumberofneighbors =

    0.9444


meannumberofneighbors =

    4.8889


meannumberofneighbors =

    4.8056


meannumberofneighbors =

    9.3056


meannumberofneighbors =

    4.9583


ans =

    1.0000   -0.0478    0.1207    0.1093    0.1937   -0.3667
   -0.0478    1.0000   -0.2895   -0.0625    0.0186    0.3233
    0.1207   -0.2895    1.0000   -0.0264   -0.1670   -0.1394
    0.1093   -0.0625   -0.0264    1.0000    0.0557   -0.0508
    0.1937    0.0186   -0.1670    0.0557    1.0000   -0.0911
   -0.3667    0.3233   -0.1394   -0.0508   -0.0911    1.0000


ans =

    0.5852   24.0373   -0.0935    0.0269    0.5375    3.3727


ans =

    0.8081    2.1374    0.9408    0.2709    1.4078    6.4783


ans =

    3.7666   30.2470    2.9282    5.0000   10.0000   10.0000


ans =

   -6.5970   18.4607   -5.9360         0         0  -10.0000


ans =

   -1.1769    0.9990

Models W-miles log marginals           model probs 
sar               -2002.2056                0.6579 
sdm               -2005.5003                0.0244 
sem               -2003.0459                0.2839 
sdem              -2005.1739                0.0338 


ans =

   -2.5740    0.9990

Models W-miles log marginals           model probs 
sar               -2017.1849                0.4844 
sdm               -2018.4867                0.1318 
sem               -2018.3049                0.1581 
sdem              -2017.9486                0.2257 


ans =

   -3.9142    0.9990

Models W-miles log marginals           model probs 
sar               -2015.4032                0.2869 
sdm               -2015.7622                0.2004 
sem               -2016.0725                0.1469 
sdem              -2015.1604                0.3658 


ans =

   -0.9990    0.9990

Models W-miles log marginals           model probs 
sar               -2028.4827                0.4100 
sdm               -2031.5027                0.0200 
sem               -2028.2008                0.5436 
sdem              -2031.2262                0.0264 


ans =

   -1.1769    0.9990

Models W-miles log marginals           model probs 
sar               -2004.0734                0.5881 
sdm               -2006.2259                0.0683 
sem               -2004.8992                0.2575 
sdem              -2005.9946                0.0861 


ans =

   -1.1769    0.9990

Models W-miles log marginals           model probs 
sar               -2002.2149                0.6416 
sdm               -2005.5233                0.0235 
sem               -2002.9679                0.3022 
sdem              -2005.1900                0.0328 


ans =

   -1.1769    0.9990

Models W-miles log marginals           model probs 
sar               -2001.5331                0.5960 
sdm               -2004.7050                0.0250 
sem               -2002.1046                0.3366 
sdem              -2004.1768                0.0424 


ans =

   -1.1769    0.9990

Models W-miles log marginals           model probs 
sar               -2003.9856                0.5819 
sdm               -2006.1509                0.0668 
sem               -2004.7709                0.2653 
sdem              -2005.8970                0.0860 


ans =

   -2.0022    0.1449
   -2.0055    0.0054
   -2.0030    0.0625
   -2.0052    0.0074
   -2.0172    0.0000
   -2.0185    0.0000
   -2.0183    0.0000
   -2.0179    0.0000
   -2.0154    0.0000
   -2.0158    0.0000
   -2.0161    0.0000
   -2.0152    0.0000
   -2.0285    0.0000
   -2.0315    0.0000
   -2.0282    0.0000
   -2.0312    0.0000
   -2.0041    0.0224
   -2.0062    0.0026
   -2.0049    0.0098
   -2.0060    0.0033
   -2.0022    0.1435
   -2.0055    0.0052
   -2.0030    0.0676
   -2.0052    0.0073
   -2.0015    0.2838
   -2.0047    0.0119
   -2.0021    0.1603
   -2.0042    0.0202
   -2.0040    0.0244
   -2.0062    0.0028
   -2.0048    0.0111
   -2.0059    0.0036


ans =

   -1.1769    0.9990

Models W-miles log marginals           model probs 
sar               -1590.7918                0.9794 
sdm               -1597.9211                0.0008 
sem               -1594.7816                0.0181 
sdem              -1597.1764                0.0017 


ans =

   -2.5741    0.9990

Models W-miles log marginals           model probs 
sar               -1600.7309                0.6799 
sdm               -1604.3090                0.0190 
sem               -1601.7242                0.2518 
sdem              -1603.3556                0.0493 


ans =

   -3.9143    0.9990

Models W-miles log marginals           model probs 
sar               -1599.5567                0.3584 
sdm               -1600.9803                0.0863 
sem               -1600.1167                0.2047 
sdem              -1599.5788                0.3506 


ans =

   -0.9990    0.9990

Models W-miles log marginals           model probs 
sar               -1611.8072                0.4607 
sdm               -1619.1045                0.0003 
sem               -1611.6509                0.5387 
sdem              -1619.1076                0.0003 


ans =

   -1.1769    0.9990

Models W-miles log marginals           model probs 
sar               -1592.7949                0.9507 
sdm               -1599.8317                0.0008 
sem               -1595.8025                0.0470 
sdem              -1599.2198                0.0015 


ans =

   -1.1769    0.9990

Models W-miles log marginals           model probs 
sar               -1590.7048                0.9759 
sdm               -1597.8291                0.0008 
sem               -1594.5148                0.0216 
sdem              -1597.0788                0.0017 


ans =

   -1.1769    0.9990

Models W-miles log marginals           model probs 
sar               -1590.2118                0.9692 
sdm               -1597.1330                0.0010 
sem               -1593.7733                0.0275 
sdem              -1596.2280                0.0024 


ans =

   -1.1769    0.9990

Models W-miles log marginals           model probs 
sar               -1592.6886                0.9476 
sdm               -1599.7103                0.0008 
sem               -1595.6301                0.0500 
sdem              -1599.1048                0.0015 


ans =

   -1.5908    0.2335
   -1.5979    0.0002
   -1.5948    0.0043
   -1.5972    0.0004
   -1.6007    0.0000
   -1.6043    0.0000
   -1.6017    0.0000
   -1.6034    0.0000
   -1.5996    0.0000
   -1.6010    0.0000
   -1.6001    0.0000
   -1.5996    0.0000
   -1.6118    0.0000
   -1.6191    0.0000
   -1.6117    0.0000
   -1.6191    0.0000
   -1.5928    0.0315
   -1.5998    0.0000
   -1.5958    0.0016
   -1.5992    0.0001
   -1.5907    0.2547
   -1.5978    0.0002
   -1.5945    0.0056
   -1.5971    0.0004
   -1.5902    0.4171
   -1.5971    0.0004
   -1.5938    0.0118
   -1.5962    0.0010
   -1.5927    0.0350
   -1.5997    0.0000
   -1.5956    0.0018
   -1.5991    0.0001


